4294967294,195
4294967294,996
4294967278,103
4294967278,393
4294967278,69
4294967278,67
4294967278,303
4294967278,351
4294967279,334
4294967279,69
4294967279,325
4294967279,20
4294967279,18
4294967279,17
4294967279,8
4294967279,6
4294967279,305
1081,8
4294967279,343
4294967279,311
4294967279,310
1081,7
1081,6
1081,5
1081,4
1081,3
1081,2
1081,1
4294967278,412
4294967294,29
4294967278,167
4294967294,0
4294967279,41
4294967294,107
4294967294,2
4294967294,419
4294967278,221
1077,7
4294967294,150
4294967294,38
4294967294,37
4294967294,40
4294967294,91
4294967294,90
4294967294,87
4294967294,86
4294967294,85
4294967294,406
4294967294,112
4294967294,149
4294967294,128
4294967294,28
4294967294,1016
4294967294,27
4294967279,309
4294967278,423
4294967294,53
4294967294,1420
4294967294,45
4294967294,427
4294967294,44
1077,6
1077,5
1077,4
1077,3
1077,2
1077,1
4294967279,308
4294967278,431
4294967278,134
4294967278,287
4294967278,269
4294967279,264
4294967278,268
4294967279,10
4294967279,11
1074,5
4294967279,258
4294967278,264
1074,4
4294967278,285
1074,3
1074,2
1074,1
4294967294,424
4294967278,404
4294967279,568
4294967279,315
1073,6
1073,5
1073,4
1073,3
1073,2
1073,1
4294967279,515
4294967278,232
1070,7
4294967279,304
4294967278,208
4294967279,211
1070,6
1070,5
4294967279,210
1070,4
1070,3
1070,2
1070,1
4294967278,259
4294967279,199
4294967278,194
4294967294,437
4294967278,341
4294967278,338
4294967279,184
1067,6
1067,5
4294967278,185
1067,4
1067,3
1067,2
1067,1
4294967278,256
4294967278,332
4294967294,115
4294967279,302
1064,6
1064,5
1064,4
4294967278,161
1064,3
1064,2
1064,1
4294967294,464
1063,5
1063,4
1063,3
1063,2
1063,1
1062,4
1062,3
1062,2
1062,1
1061,5
4294967278,144
1061,4
1061,3
1061,2
1061,1
1060,4
1060,3
1060,2
1060,1
4294967278,414
4294967294,1
4294967278,289
4294967294,8
4294967278,251
4294967294,995
4294967294,401
4294967278,262
4294967294,50
4294967279,252
4294967279,81
4294967279,78
4294967279,77
4294967279,75
4294967278,132
4294967278,130
4294967278,124
4294967278,123
4294967278,122
4294967278,121
4294967278,119
4294967278,114
4294967278,109
4294967278,108
4294967278,105
4294967278,104
4294967278,102
4294967278,229
4294967278,96
4294967278,93
4294967278,91
4294967278,85
4294967278,80
4294967278,75
4294967278,73
4294967278,70
4294967278,63
4294967278,323
4294967278,411
4294967278,295
4294967278,445
4294967278,385
4294967278,239
4294967279,92
4294967279,90
4294967279,70
4294967279,292
4294967279,49
4294967279,48
4294967279,381
4294967279,21
4294967279,15
4294967279,14
4294967279,12
4294967279,9
4294967279,5
4294967279,4
4294967279,298
4294967279,353
4294967278,247
1059,6
1059,5
1059,4
1059,2
1059,1
4294967279,296
4294967279,2
4294967279,378
4294967279,229
1058,8
4294967278,95
4294967279,300
4294967278,384
4294967278,446
4294967278,245
4294967279,99
1058,7
1058,6
1058,5
1058,4
1058,2
1058,1
4294967294,391
4294967279,94
4294967279,547
4294967279,93
4294967279,203
4294967278,358
4294967279,535
4294967278,243
4294967279,539
4294967294,492
4294967279,294
4294967279,180
4294967278,241
4294967279,62
4294967278,168
4294967279,46
4294967279,291
4294967278,363
1051,5
4294967278,150
1051,4
1051,3
1051,2
1051,1
4294967279,522
1050,6
1050,5
1050,4
1050,2
1050,1
4294967279,289
4294967279,174
4294967279,0
4294967294,46
4294967279,263
4294967278,438
4294967279,257
1047,7
4294967294,41
4294967279,253
4294967278,258
4294967279,545
1047,6
1047,5
1047,4
1047,3
1047,2
1047,1
4294967278,403
4294967279,245
4294967278,362
4294967278,226
1044,6
1044,5
1044,4
1044,3
1044,2
1044,1
4294967279,285
4294967278,405
4294967278,207
4294967278,204
4294967279,204
4294967278,198
1041,6
4294967279,541
4294967279,195
1041,5
4294967278,192
1041,4
1041,3
1041,2
1041,1
4294967294,409
4294967294,408
4294967294,191
1040,5
1040,4
1040,3
1040,2
1040,1
4294967279,185
4294967278,227
1039,4
1039,3
1039,2
1039,1
1038,5
1038,4
1038,3
1038,2
1038,1
1037,4
4294967279,169
1037,3
1037,2
1037,1
4294967279,214
4294967278,225
4294967279,571
4294967279,544
4294967278,223
4294967279,274
4294967278,219
4294967279,273
4294967278,260
4294967278,311
4294967294,436
4294967294,43
4294967294,417
4294967294,52
4294967294,92
4294967294,88
4294967279,268
4294967278,290
4294967279,267
4294967279,7
4294967294,81
4294967294,75
4294967294,174
4294967294,18
4294967294,127
4294967294,14
4294967294,126
4294967294,20
4294967294,13
4294967294,450
4294967294,97
4294967294,104
4294967294,106
4294967294,166
4294967294,24
4294967294,189
4294967278,387
4294967278,99
4294967278,309
4294967278,94
4294967278,381
4294967278,315
4294967278,313
4294967278,64
4294967278,380
4294967279,101
4294967279,244
4294967279,534
4294967279,42
4294967278,217
4294967278,174
4294967294,489
4294967294,193
4294967294,192
4294967278,137
1036,6
1036,5
1036,4
1036,2
1036,1
4294967294,76
4294967278,310
1035,8
4294967279,324
4294967278,297
4294967278,361
4294967279,313
4294967279,312
1035,7
1035,6
1035,5
1035,4
1035,2
1035,1
4294967279,243
4294967278,242
4294967294,83
4294967278,234
4294967279,227
4294967294,457
4294967294,491
4294967294,6
4294967278,436
4294967279,95
4294967279,284
4294967279,206
4294967279,251
4294967278,201
4294967279,201
4294967278,435
4294967278,195
4294967278,197
4294967279,197
4294967278,196
4294967279,196
4294967278,72
4294967279,191
4294967278,190
4294967279,190
4294967278,189
4294967279,188
4294967278,327
4294967279,156
4294967278,180
1028,5
1028,4
1028,3
1028,2
1028,1
4294967278,62
4294967279,60
4294967279,371
4294967278,171
4294967278,170
4294967278,169
4294967278,163
1027,6
4294967278,165
1027,5
1027,4
4294967278,164
1027,2
1027,1
4294967279,242
4294967278,439
4294967279,47
4294967278,153
4294967278,155
4294967279,154
4294967278,433
4294967279,259
4294967278,146
1024,7
4294967278,143
4294967278,140
4294967278,138
4294967278,135
1024,6
1024,5
1024,4
1024,3
1024,2
1024,1
4294967279,271
4294967278,274
4294967278,273
4294967279,265
4294967278,267
4294967278,326
4294967278,347
4294967278,0
4294967278,386
4294967279,256
4294967279,255
4294967278,278
0,5
4294967278,337
4294967279,316
1021,6
4294967279,319
1021,5
1021,4
4294967279,318
1021,3
1021,2
1021,1
4294967294,5
4294967279,240
4294967279,288
4294967279,542
4294967278,376
4294967278,335
4294967279,249
4294967279,248
4294967279,247
4294967278,246
4294967279,286
4294967279,241
4294967279,239
4294967294,179
4294967294,384
4294967294,411
4294967294,109
4294967279,235
4294967279,233
1018,6
4294967294,1422
4294967294,1421
4294967278,230
4294967279,238
1018,5
4294967279,225
4294967279,223
1018,4
1018,3
1018,2
1018,1
4294967279,221
4294967279,219
4294967279,215
1017,5
4294967278,213
4294967279,213
1017,4
4294967279,212
1017,3
1017,2
1017,1
4294967279,234
4294967279,209
1016,4
1016,3
1016,2
1016,1
4294967279,230
4294967278,307
1015,5
1015,4
1015,3
1015,2
1015,1
1014,4
1014,3
1014,2
1014,1
4294967278,395
0,7
4294967279,362
4294967279,228
4294967278,377
4294967279,226
4294967294,84
4294967294,119
4294967294,113
4294967294,453
4294967294,36
4294967294,39
4294967294,96
4294967294,94
4294967294,9
4294967294,22
4294967294,17
4294967294,42
4294967294,99
4294967294,1017
4294967294,26
4294967278,402
4294967279,100
4294967279,327
4294967294,30
4294967294,143
4294967294,142
4294967294,140
4294967294,139
4294967294,134
4294967294,1018
4294967294,992
4294967294,990
4294967294,989
4294967294,988
4294967294,987
4294967294,60
4294967294,67
4294967294,490
4294967294,198
4294967294,196
4294967294,1012
4294967294,1007
4294967294,1002
4294967294,997
4294967294,421
4294967294,176
4294967294,162
4294967294,161
4294967294,93
4294967294,95
4294967294,51
4294967294,12
4294967294,25
4294967294,7
